nomask 18 138 27 149
nomask 449 114 467 134
nomask 501 116 517 136
nomask 525 122 544 141
nomask 592 165 610 188
nomask 648 151 667 175
nomask 593 109 613 132
nomask 563 108 581 129
nomask 530 99 544 117
nomask 549 88 563 104
nomask 534 72 548 88
nomask 538 56 552 75
nomask 558 68 577 82
nomask 605 72 617 89
nomask 643 83 654 95
nomask 658 83 673 103
nomask 630 27 643 38
nomask 583 36 597 48
nomask 567 52 580 62
nomask 622 59 634 73
nomask 481 85 495 98
nomask 471 64 486 81
nomask 443 95 464 113
nomask 276 107 294 119
nomask 340 84 351 100
nomask 317 88 329 103
nomask 374 84 385 94
nomask 358 74 367 84
nomask 474 52 486 62
nomask 449 55 466 67
nomask 434 49 443 62
nomask 355 121 373 141
nomask 388 123 404 142
nomask 223 103 233 113
nomask 306 68 317 83
nomask 279 67 293 81
nomask 299 47 305 59
