mask 2084 364 2129 421
mask 1940 364 1990 413
mask 1771 392 1826 436
mask 1612 379 1657 431
mask 1560 376 1593 417
mask 1466 395 1506 436
mask 1414 382 1445 418
mask 1336 371 1379 420
mask 1288 398 1320 431
mask 1148 387 1190 429
mask 966 406 1004 450
mask 1018 373 1057 409
mask 339 422 385 459
mask 454 421 497 460
mask 520 424 549 458
mask 554 422 594 467
mask 665 413 711 455
mask 603 393 643 427
mask 427 416 454 452
mask 777 401 812 433
mask 818 411 863 453
mask 894 394 927 427
mask 933 391 964 424
mask 866 381 892 404
mask 1502 367 1532 404
mask 1660 397 1700 430
