mask 408 568 547 666
mask 927 478 1021 567
mask 539 455 593 511
mask 741 378 809 439
mask 324 373 385 425
mask 212 373 261 420
mask 1195 465 1260 520
mask 1510 456 1577 509
mask 999 352 1057 406
mask 1749 385 1798 427
mask 1846 395 1888 427
mask 1968 361 2001 397
mask 1922 295 1949 332
mask 1851 310 1881 335
mask 1684 365 1718 398
mask 1634 364 1665 394
mask 1550 369 1582 403
mask 1386 350 1417 379
mask 1171 367 1202 398
mask 799 334 828 363
mask 911 339 934 364
mask 956 272 978 293
mask 1075 347 1105 376
mask 1178 287 1201 308
mask 707 330 731 355
mask 1492 309 1520 338
