nomask 119 189 152 235
nomask 164 178 197 213
nomask 564 152 589 179
nomask 603 136 623 161
nomask 680 134 695 160
nomask 642 116 666 137
nomask 746 144 765 172
nomask 797 149 815 179
nomask 845 175 865 203
nomask 914 195 929 229
nomask 863 157 887 184
nomask 493 110 510 133
nomask 443 114 457 132
nomask 417 138 434 166
nomask 361 138 387 160
nomask 746 105 768 125
nomask 695 86 715 99
nomask 707 105 721 122
nomask 577 61 588 75
nomask 524 83 539 95
nomask 531 103 547 122
nomask 506 100 523 121
nomask 475 96 492 114
nomask 459 70 477 88
nomask 435 93 451 106
nomask 412 81 430 97
nomask 388 104 412 121
nomask 612 88 628 103
nomask 615 72 630 88
nomask 676 61 687 72
nomask 850 83 861 95
nomask 842 126 857 144
