nomask 0.9830 498 533 532 601
nomask 0.9619 142 131 180 215
nomask 0.9186 322 543 348 584
nomask 0.8541 443 533 466 577
nomask 0.7921 61 406 112 467
nomask 0.7014 110 245 148 323
nomask 0.6613 376 550 403 584
nomask 0.3650 144 154 177 198
nomask 0.3422 209 69 237 110
nomask 0.2379 147 113 189 195
nomask 0.2322 112 209 164 324
nomask 0.1867 464 545 489 586
nomask 0.0966 307 277 325 341
nomask 0.0892 191 71 217 111
nomask 0.0428 461 536 498 594
nomask 0.0427 153 77 203 183
nomask 0.0344 386 547 413 583
nomask 0.0281 371 538 406 591
nomask 0.0253 185 61 226 121
nomask 0.0239 333 541 361 578
nomask 0.0199 54 283 77 327
nomask 0.0196 207 148 230 195
nomask 0.0154 126 133 180 280
nomask 0.0134 366 273 385 331
