nomask 0.9700 257 107 284 140
nomask 0.9645 146 107 167 137
nomask 0.8499 37 107 60 142
nomask 0.7925 210 106 233 132
nomask 0.7716 165 108 189 138
nomask 0.6886 325 108 347 139
nomask 0.5662 321 116 345 145
nomask 0.5619 374 105 398 134
nomask 0.3891 299 104 320 135
nomask 0.3613 67 108 88 140
nomask 0.2802 147 102 181 141
nomask 0.2706 355 108 369 126
nomask 0.1751 284 99 312 123
nomask 0.1720 118 107 139 133
nomask 0.1359 202 111 217 130
nomask 0.1051 442 120 464 147
nomask 0.0625 311 101 340 143
nomask 0.0547 301 110 317 130
nomask 0.0505 117 115 137 143
nomask 0.0420 378 111 397 129
nomask 0.0410 136 105 157 134
nomask 0.0402 289 96 317 143
nomask 0.0392 65 115 82 135
nomask 0.0340 368 110 383 126
nomask 0.0307 118 120 134 138
nomask 0.0242 328 113 344 131
nomask 0.0218 260 97 288 130
nomask 0.0205 325 98 350 126
nomask 0.0196 41 114 57 133
nomask 0.0174 295 109 312 131
nomask 0.0157 33 90 50 105
nomask 0.0150 93 103 117 135
nomask 0.0144 44 118 61 138
nomask 0.0129 252 98 278 127
nomask 0.0103 119 104 138 123
nomask 0.0102 170 98 193 130
