nomask 0.9850 39 51 84 110
nomask 0.9478 131 60 158 95
nomask 0.9122 195 56 222 93
nomask 0.7616 264 38 288 78
nomask 0.1056 337 75 352 97
nomask 0.1016 57 63 84 105
nomask 0.1002 200 63 217 89
nomask 0.0590 189 66 207 85
nomask 0.0499 187 61 213 90
nomask 0.0348 340 78 351 94
nomask 0.0307 29 42 77 91
nomask 0.0290 133 72 156 92
nomask 0.0223 271 48 286 82
nomask 0.0201 257 40 280 83
nomask 0.0163 285 27 328 100
nomask 0.0159 207 47 231 87
nomask 0.0118 341 83 350 100
nomask 0.0101 268 75 341 193
