nomask 0.9825 530 103 602 224
nomask 0.8627 440 134 510 210
nomask 0.7536 170 145 210 202
nomask 0.6043 296 152 324 195
nomask 0.5014 370 125 415 191
nomask 0.4917 233 96 277 171
nomask 0.3059 504 135 541 214
nomask 0.2030 235 85 287 145
nomask 0.1199 169 155 195 190
nomask 0.0866 538 125 595 197
nomask 0.0512 506 122 582 214
nomask 0.0372 219 105 264 183
nomask 0.0283 437 163 495 208
nomask 0.0251 218 74 284 160
nomask 0.0139 208 156 236 193
nomask 0.0137 215 126 256 196
nomask 0.0131 364 128 397 168
nomask 0.0110 200 139 240 193
