nomask 0.9912 49 127 125 229
nomask 0.9867 236 94 349 216
nomask 0.9429 374 78 437 170
nomask 0.8566 444 108 520 208
nomask 0.7902 504 75 579 187
nomask 0.6789 123 160 201 243
nomask 0.5779 112 62 202 128
nomask 0.5190 343 56 376 150
nomask 0.5167 530 61 600 190
nomask 0.4755 3 98 68 216
nomask 0.3990 324 39 374 162
nomask 0.0613 136 178 196 231
nomask 0.0361 230 115 320 197
nomask 0.0253 560 166 600 243
nomask 0.0140 95 135 222 265
nomask 0.0127 59 151 119 213
nomask 0.0119 567 72 599 191
mask 0.0159 94 47 204 191
