nomask 0.9891 140 126 176 173
nomask 0.9874 208 79 230 110
nomask 0.9809 304 86 325 113
nomask 0.9659 57 183 114 263
nomask 0.9524 11 190 51 231
nomask 0.9057 266 89 288 120
nomask 0.8572 130 79 153 108
nomask 0.7908 336 73 354 97
nomask 0.7360 233 58 248 74
nomask 0.5846 257 62 272 88
nomask 0.5712 166 79 185 109
nomask 0.4352 379 44 391 59
nomask 0.3863 168 101 201 147
nomask 0.3842 282 52 296 66
nomask 0.3406 257 55 270 74
nomask 0.3272 184 104 206 135
nomask 0.2546 197 69 213 98
nomask 0.2511 178 86 210 129
nomask 0.2493 289 52 301 66
nomask 0.1790 310 57 324 71
nomask 0.1650 211 87 229 104
nomask 0.1373 351 53 364 70
nomask 0.1325 123 74 147 104
nomask 0.1223 164 85 177 106
nomask 0.1207 175 105 198 134
nomask 0.1108 279 48 295 63
nomask 0.1028 199 69 227 110
nomask 0.1007 256 47 269 63
nomask 0.1007 333 48 344 61
nomask 0.0989 349 48 361 64
nomask 0.0929 311 48 325 62
nomask 0.0861 8 184 63 247
nomask 0.0699 61 216 113 256
nomask 0.0684 309 65 325 84
nomask 0.0626 306 77 327 104
nomask 0.0527 346 65 365 92
nomask 0.0424 234 57 252 82
nomask 0.0379 261 69 278 97
nomask 0.0320 334 53 346 70
nomask 0.0264 162 114 193 166
nomask 0.0220 436 32 449 50
nomask 0.0211 358 55 370 75
nomask 0.0190 436 40 447 59
nomask 0.0189 217 81 237 108
nomask 0.0159 191 67 217 107
nomask 0.0144 382 50 396 68
nomask 0.0142 189 111 207 129
nomask 0.0113 166 81 183 99
nomask 0.0107 174 91 200 125
nomask 0.0103 0 135 9 198
nomask 0.0100 248 80 267 114
