nomask 0.9810 226 70 262 123
nomask 0.9392 289 67 312 100
nomask 0.9266 405 70 431 95
nomask 0.9252 78 62 117 110
nomask 0.8834 138 77 168 116
nomask 0.6430 89 72 125 118
nomask 0.5923 198 74 225 121
nomask 0.5866 349 81 364 99
nomask 0.4026 147 75 169 104
nomask 0.3747 215 65 254 112
nomask 0.2430 270 69 289 97
nomask 0.2188 180 73 211 119
nomask 0.0648 193 83 213 116
nomask 0.0648 212 67 224 86
nomask 0.0640 265 73 284 104
nomask 0.0608 193 77 218 134
nomask 0.0435 439 86 450 102
nomask 0.0337 203 70 224 102
nomask 0.0289 65 59 84 92
nomask 0.0175 267 79 283 98
nomask 0.0146 94 74 118 106
nomask 0.0139 274 68 297 91
nomask 0.0139 439 75 450 98
nomask 0.0115 225 82 250 114
