nomask 0.9115 282 106 303 137
nomask 0.8905 247 110 271 142
nomask 0.8522 352 85 367 107
nomask 0.8474 468 84 488 111
nomask 0.8330 422 97 446 128
nomask 0.7113 5 87 41 138
nomask 0.6390 160 97 194 142
nomask 0.6149 311 89 334 117
nomask 0.5890 110 97 145 152
nomask 0.3404 446 83 460 107
nomask 0.3122 149 96 184 138
nomask 0.2658 67 98 92 135
nomask 0.2519 72 97 108 140
nomask 0.2156 265 96 282 113
nomask 0.2074 116 113 141 151
nomask 0.2034 379 88 394 107
nomask 0.1503 55 90 91 131
nomask 0.1398 202 95 226 121
nomask 0.1328 417 85 451 132
nomask 0.1001 122 97 157 143
nomask 0.0864 260 83 285 112
nomask 0.0823 38 97 79 140
nomask 0.0774 3 92 28 129
nomask 0.0765 251 114 268 135
nomask 0.0744 133 94 162 128
nomask 0.0587 373 88 390 105
nomask 0.0520 232 104 265 146
nomask 0.0431 280 98 310 129
nomask 0.0299 91 92 129 147
nomask 0.0237 201 99 218 118
nomask 0.0232 101 87 139 140
nomask 0.0179 309 83 338 129
nomask 0.0168 318 95 338 114
nomask 0.0136 249 100 278 127
nomask 0.0132 436 90 458 117
mask 0.2565 467 89 486 115
