nomask 0.9755 352 69 401 150
nomask 0.8515 294 86 342 142
nomask 0.8102 113 95 139 134
nomask 0.7220 195 92 219 134
nomask 0.5921 155 66 187 111
nomask 0.5550 239 65 281 131
nomask 0.5078 246 81 276 128
nomask 0.2593 113 103 130 126
nomask 0.1768 337 90 361 141
nomask 0.0658 336 76 389 144
nomask 0.0641 147 47 191 110
nomask 0.0491 359 83 398 131
nomask 0.0186 292 108 330 138
nomask 0.0178 364 68 398 107
nomask 0.0168 147 70 176 122
nomask 0.0109 184 72 207 128
nomask 0.0108 340 88 379 133
nomask 0.0103 378 202 400 256
