nomask 0.9638 222 296 266 360
nomask 0.9213 142 286 177 331
nomask 0.8802 143 210 170 247
nomask 0.8607 356 289 418 371
nomask 0.8449 425 210 453 252
nomask 0.8277 667 211 690 260
nomask 0.8049 190 223 222 261
nomask 0.4940 358 234 379 261
nomask 0.2870 249 231 271 261
nomask 0.1723 146 275 197 342
nomask 0.1669 462 217 497 266
nomask 0.1512 294 224 333 261
nomask 0.1474 256 215 294 249
nomask 0.1421 208 269 255 357
nomask 0.1146 467 200 524 264
nomask 0.1029 452 213 486 257
nomask 0.0915 52 273 70 298
nomask 0.0892 122 273 178 337
nomask 0.0621 515 222 542 264
nomask 0.0551 521 234 544 261
nomask 0.0528 39 265 57 287
nomask 0.0337 462 224 483 258
nomask 0.0314 144 225 166 253
nomask 0.0218 209 221 232 250
nomask 0.0212 144 298 170 325
nomask 0.0196 303 211 340 257
nomask 0.0196 363 221 383 253
nomask 0.0107 58 263 78 288
