nomask 0.8742 449 31 519 115
nomask 0.8737 818 5 870 68
nomask 0.8578 583 1 635 52
nomask 0.8156 537 8 584 62
nomask 0.5863 963 -1 1082 41
nomask 0.4962 741 14 811 109
nomask 0.4774 95 22 173 102
nomask 0.4688 673 81 727 132
nomask 0.4376 320 83 380 136
nomask 0.4368 298 72 381 153
nomask 0.3721 698 0 744 42
nomask 0.3691 762 18 834 103
nomask 0.3325 175 51 222 95
nomask 0.2457 669 64 751 141
nomask 0.1490 754 39 798 108
nomask 0.1154 588 2 630 32
nomask 0.1102 206 51 235 95
nomask 0.1011 112 46 180 100
nomask 0.0954 809 14 879 88
nomask 0.0675 284 83 345 137
nomask 0.0422 1010 3 1084 34
nomask 0.0310 687 18 772 132
nomask 0.0301 980 1 1063 21
nomask 0.0263 499 0 547 20
nomask 0.0259 980 6 1056 49
nomask 0.0258 85 35 148 87
nomask 0.0233 330 94 374 123
nomask 0.0179 780 38 822 111
nomask 0.0175 958 14 1072 83
nomask 0.0163 546 31 585 64
nomask 0.0154 942 4 1041 61
nomask 0.0140 441 229 502 253
nomask 0.0135 929 18 1033 90
nomask 0.0111 695 -7 756 68
mask 0.3306 667 71 761 162
mask 0.0274 666 94 724 148
