nomask 0.9665 289 190 328 239
nomask 0.5962 23 210 42 235
nomask 0.5012 246 211 265 236
nomask 0.4562 225 208 244 234
nomask 0.3661 185 209 202 233
nomask 0.1855 375 213 398 238
nomask 0.1775 586 204 602 227
nomask 0.1373 663 212 682 234
nomask 0.1345 485 204 504 229
nomask 0.0575 634 210 650 231
nomask 0.0561 626 210 643 232
nomask 0.0433 83 196 107 223
nomask 0.0379 424 212 445 232
nomask 0.0323 345 208 365 237
nomask 0.0271 234 202 252 234
nomask 0.0158 257 214 278 239
nomask 0.0142 405 212 425 234
