nomask 0.9919 547 155 616 242
nomask 0.9867 902 177 970 271
nomask 0.9828 402 149 477 243
nomask 0.9759 1499 200 1556 261
nomask 0.9744 1353 200 1411 278
nomask 0.9595 50 146 127 244
nomask 0.9295 1267 180 1323 264
nomask 0.9187 715 167 799 260
nomask 0.7995 290 164 397 288
nomask 0.7811 1117 209 1180 291
nomask 0.5738 350 120 453 263
nomask 0.0806 312 152 394 248
nomask 0.0520 369 161 474 271
nomask 0.0195 1147 225 1215 301
nomask 0.0140 903 140 1004 269
nomask 0.0139 398 158 446 223
nomask 0.0109 242 139 304 239
nomask 0.0108 1106 163 1191 297
nomask 0.0100 1526 198 1567 256
