nomask 0.9103 2832 1477 2951 1662
nomask 0.8654 2247 1511 2357 1700
nomask 0.7941 3584 1620 3704 1770
nomask 0.7517 1294 1437 1399 1627
nomask 0.7511 1056 1436 1166 1612
nomask 0.7476 3417 1623 3535 1780
nomask 0.7203 3760 1631 3905 1771
nomask 0.6963 962 1474 1069 1634
nomask 0.6626 1881 1461 1982 1649
nomask 0.6012 2598 1514 2709 1703
nomask 0.5544 1997 1455 2101 1629
nomask 0.4753 1452 1406 1615 1684
nomask 0.3882 1700 1514 1807 1680
nomask 0.2821 3168 1539 3298 1699
nomask 0.1818 3278 1604 3387 1768
nomask 0.1360 1496 1487 1631 1665
nomask 0.1316 2292 1486 2392 1683
nomask 0.1140 3014 1593 3120 1741
nomask 0.1133 3900 1620 4005 1781
nomask 0.1027 1047 1386 1206 1631
nomask 0.0757 2567 1484 2684 1678
nomask 0.0302 1688 1552 1773 1734
nomask 0.0221 1685 1473 1832 1720
nomask 0.0219 1970 1420 2121 1676
nomask 0.0166 3245 1533 3362 1691
nomask 0.0145 1910 1426 2028 1585
nomask 0.0134 1570 1568 1705 1719
nomask 0.0111 2301 1553 2406 1733
