nomask 0.8613 326 167 355 204
nomask 0.8379 556 196 589 236
nomask 0.8071 393 161 411 187
nomask 0.7935 355 191 402 245
nomask 0.7470 493 179 522 212
nomask 0.6361 173 201 226 262
nomask 0.5559 430 215 493 285
nomask 0.3526 416 174 436 200
nomask 0.3230 238 151 258 175
nomask 0.2935 168 204 208 247
nomask 0.0826 311 149 352 209
nomask 0.0792 274 158 294 186
nomask 0.0546 177 179 224 245
nomask 0.0485 292 152 324 189
nomask 0.0367 182 147 223 180
nomask 0.0257 334 168 358 195
nomask 0.0237 398 187 425 236
nomask 0.0218 496 189 516 217
nomask 0.0204 395 153 414 177
nomask 0.0141 397 171 415 201
nomask 0.0124 177 145 227 205
nomask 0.0100 410 181 436 233
mask 0.0171 628 246 641 288
mask 0.0113 624 234 641 300
