nomask 0.9365 497 173 517 207
nomask 0.9157 330 163 360 200
nomask 0.9053 549 171 572 200
nomask 0.8956 464 164 488 199
nomask 0.7967 206 160 233 191
nomask 0.6927 151 151 179 184
nomask 0.6843 264 156 298 207
nomask 0.6743 26 154 53 198
nomask 0.5157 117 167 151 214
nomask 0.3469 409 179 434 209
nomask 0.0984 505 178 521 202
nomask 0.0829 132 171 172 217
nomask 0.0607 114 146 153 197
nomask 0.0481 96 150 120 185
nomask 0.0471 209 166 229 186
nomask 0.0422 545 178 563 200
nomask 0.0286 469 157 502 206
nomask 0.0168 139 143 175 191
nomask 0.0135 488 163 519 207
nomask 0.0117 141 164 170 197
mask 0.0963 414 184 432 207
mask 0.0460 407 170 435 199
mask 0.0411 417 188 444 216
mask 0.0244 403 180 428 207
