nomask 0.9870 363 189 441 268
nomask 0.9578 72 133 143 245
nomask 0.9263 269 49 329 128
nomask 0.8602 327 67 394 174
nomask 0.5068 508 27 545 98
nomask 0.4515 -3 78 49 186
nomask 0.2849 519 14 549 89
nomask 0.2348 492 153 550 270
nomask 0.1933 527 37 550 85
nomask 0.0727 113 73 171 116
nomask 0.0587 104 58 173 133
nomask 0.0534 487 192 542 249
nomask 0.0471 358 150 454 283
nomask 0.0468 469 21 526 116
nomask 0.0431 88 72 144 116
nomask 0.0383 -1 103 40 166
nomask 0.0268 339 91 385 158
nomask 0.0256 308 43 417 173
nomask 0.0226 167 151 216 273
nomask 0.0145 311 4 385 36
nomask 0.0103 358 48 432 164
