nomask 0.9944 116 88 146 128
nomask 0.9307 4 83 44 130
nomask 0.9272 215 102 238 135
nomask 0.8457 173 96 189 118
nomask 0.6100 199 99 212 125
nomask 0.4774 151 103 165 121
nomask 0.3628 258 115 275 135
nomask 0.1094 173 98 184 112
nomask 0.1015 260 118 272 132
nomask 0.0934 72 100 105 135
nomask 0.0518 203 99 214 116
nomask 0.0478 354 84 360 109
nomask 0.0459 327 103 345 121
nomask 0.0449 296 85 323 111
nomask 0.0442 39 112 58 136
nomask 0.0425 351 88 360 124
nomask 0.0277 76 111 96 132
nomask 0.0276 354 92 360 119
nomask 0.0261 36 121 57 141
nomask 0.0213 171 95 192 131
nomask 0.0199 84 98 114 131
nomask 0.0180 204 104 213 122
nomask 0.0149 70 112 90 132
nomask 0.0126 260 122 273 138
nomask 0.0121 200 96 219 130
