nomask 0.9987 19 38 216 303
nomask 0.9537 672 79 744 186
nomask 0.9530 506 -1 637 118
nomask 0.9517 745 88 785 156
nomask 0.9467 319 12 451 192
nomask 0.5955 783 72 821 131
nomask 0.5031 681 111 733 175
nomask 0.3798 801 87 838 135
nomask 0.3250 841 88 869 121
nomask 0.2557 605 54 668 145
nomask 0.2468 569 24 643 117
nomask 0.1686 453 13 521 148
nomask 0.0205 663 102 723 167
nomask 0.0177 406 15 518 179
nomask 0.0171 605 7 663 119
nomask 0.0166 430 46 510 155
nomask 0.0151 592 387 663 492
nomask 0.0146 583 68 640 175
nomask 0.0142 583 344 678 522
nomask 0.0135 615 73 674 174
nomask 0.0121 625 395 689 495
nomask 0.0101 84 74 228 258
mask 0.0605 817 175 857 223
mask 0.0491 837 90 876 150
mask 0.0318 922 172 945 205
mask 0.0274 905 175 930 205
mask 0.0158 931 164 955 199
