nomask 0.9195 73 86 103 120
nomask 0.9055 512 66 541 94
nomask 0.6857 6 71 56 136
nomask 0.6338 416 56 452 92
nomask 0.6224 177 84 206 118
nomask 0.4610 225 65 251 101
nomask 0.4319 0 91 40 144
nomask 0.3621 4 55 58 114
nomask 0.3482 69 73 107 128
nomask 0.3087 24 68 58 103
nomask 0.2264 331 80 362 116
nomask 0.0751 227 76 248 97
nomask 0.0335 173 65 205 112
nomask 0.0226 332 87 354 108
nomask 0.0177 518 71 546 89
nomask 0.0172 183 55 220 113
nomask 0.0107 517 58 549 92
mask 0.0563 224 52 256 97
mask 0.0270 170 59 206 116
