nomask 0.9412 299 101 333 140
nomask 0.8344 384 119 400 150
nomask 0.8266 126 106 147 136
nomask 0.8030 101 122 127 158
nomask 0.5544 174 115 189 141
nomask 0.4942 196 92 227 129
nomask 0.2682 250 109 288 142
nomask 0.2474 6 59 44 95
nomask 0.1127 186 99 217 138
nomask 0.1075 248 119 268 142
nomask 0.0927 56 126 87 176
nomask 0.0856 177 102 202 142
nomask 0.0847 18 62 58 89
nomask 0.0734 171 107 191 151
nomask 0.0586 21 115 79 176
nomask 0.0218 253 123 286 170
nomask 0.0186 161 107 187 143
nomask 0.0112 44 110 86 182
mask 0.0586 195 98 224 136
