nomask 0.9516 431 51 466 101
nomask 0.9490 300 61 330 112
nomask 0.9325 174 76 211 119
nomask 0.8055 133 69 160 107
nomask 0.7711 358 69 393 113
nomask 0.6785 228 77 260 108
nomask 0.6265 96 82 122 117
nomask 0.3867 77 64 110 117
nomask 0.3848 84 72 124 114
nomask 0.2776 225 86 255 116
nomask 0.2400 425 57 458 90
nomask 0.1998 346 62 360 90
nomask 0.1579 206 143 241 174
nomask 0.0492 216 56 250 109
nomask 0.0272 269 92 287 143
nomask 0.0229 169 76 197 110
nomask 0.0212 290 40 334 121
nomask 0.0202 220 139 262 181
nomask 0.0156 86 83 111 117
nomask 0.0122 90 57 130 108
nomask 0.0115 5 266 25 311
