nomask 0.9881 208 98 227 128
nomask 0.9878 399 84 425 115
nomask 0.9643 146 103 167 133
nomask 0.9402 14 117 34 148
nomask 0.9125 230 103 256 136
nomask 0.9046 177 105 193 133
nomask 0.8916 72 105 104 148
nomask 0.7620 303 80 359 147
nomask 0.7512 301 98 342 143
nomask 0.4129 336 77 372 124
nomask 0.1660 223 90 251 131
nomask 0.0582 345 90 369 123
nomask 0.0337 65 101 112 165
nomask 0.0271 17 122 32 142
nomask 0.0223 210 87 229 119
nomask 0.0164 357 83 378 121
nomask 0.0109 230 109 247 129
nomask 0.0103 145 109 159 129
