nomask 0.9922 343 104 409 183
nomask 0.9525 0 136 25 173
nomask 0.9075 129 134 198 203
nomask 0.8978 483 102 500 154
nomask 0.8958 427 110 449 148
nomask 0.8931 297 131 330 171
nomask 0.7933 252 129 278 159
nomask 0.2505 473 104 500 173
nomask 0.1172 446 121 466 163
nomask 0.1134 233 127 273 171
nomask 0.0790 424 105 449 169
nomask 0.0429 451 124 477 157
nomask 0.0389 131 81 202 177
nomask 0.0220 2 286 27 321
nomask 0.0216 86 144 129 204
nomask 0.0206 247 123 280 177
nomask 0.0192 278 130 317 168
nomask 0.0185 322 148 344 168
nomask 0.0156 263 139 279 162
nomask 0.0155 106 146 128 189
nomask 0.0114 340 115 375 171
