nomask 0.3271 261 81 274 94
nomask 0.0568 300 161 330 184
nomask 0.0292 160 174 192 195
nomask 0.0193 479 188 500 220
nomask 0.0190 442 166 468 194
nomask 0.0185 299 172 328 194
nomask 0.0184 281 185 314 201
nomask 0.0145 152 165 191 198
nomask 0.0136 212 158 237 182
nomask 0.0132 217 161 247 184
nomask 0.0117 92 183 125 224
nomask 0.0101 260 183 295 200
mask 0.2696 466 146 488 175
mask 0.2066 261 82 274 97
mask 0.1207 118 147 141 169
mask 0.0870 121 152 138 167
mask 0.0829 439 157 471 189
mask 0.0694 86 139 99 158
mask 0.0656 66 168 112 207
mask 0.0541 469 152 484 172
mask 0.0539 402 167 426 192
mask 0.0460 485 148 499 171
mask 0.0379 480 143 498 176
mask 0.0371 78 129 89 149
mask 0.0363 107 118 117 131
mask 0.0337 342 152 368 176
mask 0.0311 456 149 488 192
mask 0.0282 105 150 146 183
mask 0.0268 427 143 471 182
mask 0.0227 93 184 121 209
mask 0.0202 74 154 93 167
mask 0.0183 382 174 404 214
mask 0.0166 387 139 409 162
mask 0.0161 440 145 456 161
mask 0.0156 83 174 121 213
mask 0.0147 481 151 497 190
mask 0.0136 75 121 85 136
mask 0.0102 485 157 498 181
