nomask 0.9990 50 90 90 146
nomask 0.9827 187 58 222 114
nomask 0.9636 150 84 191 133
nomask 0.9499 -1 87 22 135
nomask 0.8652 133 51 162 88
nomask 0.7095 95 76 139 119
nomask 0.7044 31 63 54 104
nomask 0.5156 213 61 234 103
nomask 0.3671 92 42 122 66
nomask 0.3219 233 49 250 95
nomask 0.2532 200 54 232 115
nomask 0.2133 128 63 156 94
nomask 0.2128 90 31 117 63
nomask 0.1421 129 59 165 106
nomask 0.1200 78 22 101 57
nomask 0.1127 93 47 125 78
nomask 0.0882 81 22 100 40
nomask 0.0878 170 19 200 40
nomask 0.0780 218 42 250 95
nomask 0.0695 22 64 45 102
nomask 0.0549 156 69 205 123
nomask 0.0509 62 46 79 70
nomask 0.0492 169 4 198 25
nomask 0.0366 59 38 82 73
nomask 0.0356 197 42 246 100
nomask 0.0352 24 45 67 103
nomask 0.0270 94 89 128 123
nomask 0.0211 126 43 157 78
nomask 0.0169 83 25 98 36
nomask 0.0163 223 63 251 98
nomask 0.0148 172 13 197 28
nomask 0.0147 110 3 136 24
nomask 0.0141 163 28 196 59
nomask 0.0134 0 50 21 98
nomask 0.0131 110 24 140 51
nomask 0.0127 19 50 44 91
nomask 0.0122 193 18 236 41
nomask 0.0116 77 4 100 31
nomask 0.0116 135 32 161 63
nomask 0.0107 84 23 114 46
