nomask 0.9889 424 214 468 257
nomask 0.9789 295 131 360 213
nomask 0.9271 455 169 481 202
nomask 0.9084 238 166 263 198
nomask 0.8635 385 176 408 212
nomask 0.8459 36 44 148 174
nomask 0.6789 389 168 416 218
nomask 0.5362 157 138 181 166
nomask 0.4378 265 128 285 155
nomask 0.3948 83 71 164 150
nomask 0.3785 402 133 423 160
nomask 0.2538 460 169 492 207
nomask 0.2398 442 151 457 168
nomask 0.2242 167 159 190 191
nomask 0.2175 400 144 420 171
nomask 0.1839 456 141 470 160
nomask 0.1568 243 132 259 151
nomask 0.1373 418 198 455 256
nomask 0.1231 203 134 224 160
nomask 0.1051 133 126 147 144
nomask 0.0972 456 147 471 168
nomask 0.0905 127 131 152 159
nomask 0.0756 487 156 500 182
nomask 0.0621 280 114 382 224
nomask 0.0563 128 124 151 148
nomask 0.0526 392 144 410 175
nomask 0.0491 316 128 382 212
nomask 0.0490 326 225 378 262
nomask 0.0428 206 143 229 170
nomask 0.0406 350 160 391 215
nomask 0.0385 488 149 501 172
nomask 0.0332 291 147 340 202
nomask 0.0292 404 131 418 148
nomask 0.0282 459 175 478 196
nomask 0.0263 118 83 160 144
nomask 0.0259 127 143 153 170
nomask 0.0231 166 183 198 211
nomask 0.0222 450 139 465 159
nomask 0.0196 316 212 385 272
nomask 0.0195 399 179 424 213
nomask 0.0194 160 142 177 161
nomask 0.0193 357 166 378 200
nomask 0.0185 200 137 216 157
nomask 0.0176 339 157 376 211
nomask 0.0167 134 155 160 189
nomask 0.0166 479 163 497 200
nomask 0.0158 418 215 443 258
nomask 0.0148 164 160 195 207
nomask 0.0143 172 165 188 186
nomask 0.0108 485 143 502 179
nomask 0.0108 276 157 310 210
nomask 0.0105 331 171 370 227
nomask 0.0100 156 139 184 188
