mask 0.8788 1800 506 1888 603
mask 0.6790 1502 268 1618 374
mask 0.6685 980 199 1098 358
mask 0.5665 1510 205 1644 356
mask 0.5437 1245 224 1337 321
mask 0.3719 1698 514 1787 618
mask 0.2435 1766 445 1894 603
mask 0.2285 1263 262 1322 332
mask 0.1938 423 218 539 332
mask 0.1550 1692 552 1775 625
mask 0.1210 725 287 829 399
mask 0.1187 1987 531 2064 597
mask 0.1106 684 238 827 384
mask 0.1042 1616 292 1712 397
mask 0.1016 380 183 486 295
mask 0.0988 398 145 540 302
mask 0.0908 1783 394 1848 466
mask 0.0787 1615 319 1689 383
mask 0.0680 488 220 604 324
mask 0.0533 1784 347 1869 458
mask 0.0458 457 253 558 359
mask 0.0411 472 280 556 344
mask 0.0287 1685 480 1814 629
mask 0.0242 1364 314 1415 380
mask 0.0233 1446 452 1524 511
mask 0.0171 396 232 474 301
mask 0.0160 1257 218 1403 346
mask 0.0157 449 243 535 307
mask 0.0133 1339 246 1424 373
mask 0.0118 2058 480 2118 552
mask 0.0109 884 70 983 392
