nomask 0.9798 718 189 800 312
nomask 0.9602 328 219 398 285
nomask 0.9243 852 216 923 313
nomask 0.9152 76 151 252 311
nomask 0.9015 552 241 614 306
nomask 0.8435 549 203 621 317
nomask 0.2717 983 212 1172 376
nomask 0.2035 970 323 1027 393
nomask 0.1895 316 186 406 295
nomask 0.1459 744 211 798 294
nomask 0.1331 963 287 1065 405
nomask 0.0734 977 241 1088 370
nomask 0.0565 228 395 275 483
nomask 0.0379 964 223 1031 352
nomask 0.0364 264 641 329 698
nomask 0.0290 114 176 239 289
nomask 0.0283 727 229 787 314
nomask 0.0278 744 203 831 347
nomask 0.0264 186 206 232 296
nomask 0.0230 165 194 241 310
nomask 0.0152 205 224 232 283
nomask 0.0108 971 321 1018 360
