mask 0.9645 1012 169 1297 432
mask 0.8304 579 150 730 311
mask 0.3283 1133 0 1320 109
mask 0.3127 712 175 873 359
mask 0.2966 926 -2 1080 133
mask 0.2281 629 160 759 360
mask 0.1406 817 -4 942 67
mask 0.1386 889 20 1049 180
mask 0.1214 783 -11 950 115
mask 0.1198 1356 312 1689 619
mask 0.1166 597 197 699 321
mask 0.1019 948 50 1063 156
mask 0.0478 728 247 842 367
mask 0.0396 998 14 1312 545
mask 0.0292 936 0 1096 69
mask 0.0270 1139 1 1297 44
mask 0.0254 626 154 896 414
mask 0.0204 707 258 900 453
mask 0.0180 825 -12 1024 88
mask 0.0141 1055 0 1207 62
mask 0.0125 748 210 895 400
mask 0.0110 1236 -1 1344 47
mask 0.0108 1161 88 1423 505
mask 0.0100 953 167 1139 380
