mask 0.9707 404 512 547 673
mask 0.8794 907 463 1022 561
mask 0.8537 325 372 381 433
mask 0.8523 1738 364 1800 434
mask 0.8337 1831 358 1890 434
mask 0.7562 1192 434 1267 511
mask 0.7528 1521 350 1579 425
mask 0.7317 732 365 792 437
mask 0.7201 216 358 268 419
mask 0.6774 1002 332 1056 400
mask 0.5926 535 442 588 516
mask 0.5379 1088 328 1145 393
mask 0.4648 1476 436 1540 512
mask 0.4605 1616 355 1677 427
mask 0.4434 1251 335 1310 391
mask 0.3848 723 392 780 454
mask 0.3805 1824 388 1894 458
mask 0.3339 622 277 679 342
mask 0.2952 984 345 1047 408
mask 0.2823 1917 356 1988 424
mask 0.2247 1515 433 1581 507
mask 0.2084 1830 317 1884 394
mask 0.1989 910 320 977 384
mask 0.1987 920 390 1062 577
mask 0.1826 1691 265 1749 329
mask 0.1710 1747 383 1813 454
mask 0.1673 1368 330 1432 391
mask 0.1661 1205 415 1269 490
mask 0.1501 219 331 273 403
mask 0.1451 1162 312 1222 379
mask 0.1383 344 363 394 427
mask 0.1275 818 321 880 387
mask 0.1213 1980 403 2052 466
mask 0.1174 905 358 970 420
mask 0.1046 1901 320 1977 386
mask 0.0977 1957 368 2019 431
mask 0.0911 1465 358 1527 433
mask 0.0834 742 327 807 400
mask 0.0801 628 305 683 383
mask 0.0791 928 276 986 337
mask 0.0636 1095 345 1156 408
mask 0.0601 543 416 607 483
mask 0.0565 1903 291 1966 355
mask 0.0534 464 237 519 301
mask 0.0483 1832 290 1885 357
mask 0.0478 202 334 275 438
mask 0.0462 928 254 984 312
mask 0.0460 953 452 1050 571
mask 0.0451 217 426 266 501
mask 0.0449 1474 398 1535 492
mask 0.0430 1515 384 1569 476
mask 0.0402 450 366 513 425
mask 0.0385 554 370 621 430
mask 0.0381 221 393 274 463
mask 0.0312 556 322 616 398
mask 0.0308 1624 387 1685 461
mask 0.0298 1252 443 1324 511
mask 0.0291 541 462 586 547
mask 0.0291 319 392 375 446
mask 0.0271 1154 278 1212 337
mask 0.0266 1464 291 1517 352
mask 0.0266 1198 358 1259 426
mask 0.0258 638 256 696 314
mask 0.0243 1817 441 1889 502
mask 0.0215 1695 328 1769 401
mask 0.0194 1637 329 1701 400
mask 0.0179 1458 308 1512 376
mask 0.0174 1672 275 1729 346
mask 0.0159 314 273 364 339
mask 0.0152 642 365 707 424
mask 0.0147 223 275 275 345
mask 0.0142 1680 241 1753 351
mask 0.0141 1372 442 1439 516
mask 0.0133 381 246 442 303
mask 0.0130 446 324 510 398
mask 0.0126 907 501 1034 584
mask 0.0113 553 268 608 351
mask 0.0103 376 278 430 342
mask 0.0103 216 252 275 313
