mask 0.9375 1128 447 1177 501
mask 0.8806 451 357 592 522
mask 0.7905 898 439 955 507
mask 0.6626 982 389 1077 511
mask 0.6471 1222 383 1314 489
mask 0.5157 1431 454 1492 507
mask 0.4912 491 360 667 537
mask 0.3605 1623 450 1685 507
mask 0.3444 987 432 1051 503
mask 0.3198 1235 411 1302 481
mask 0.1083 687 371 790 500
mask 0.0972 657 372 819 539
mask 0.0879 458 404 566 546
mask 0.0676 426 487 519 615
mask 0.0634 1429 474 1492 536
mask 0.0409 1110 426 1187 517
mask 0.0375 1418 434 1499 524
mask 0.0288 1637 478 1707 540
mask 0.0279 439 463 541 590
mask 0.0267 908 379 1051 505
mask 0.0222 1528 488 1589 549
mask 0.0169 1555 450 1618 510
mask 0.0116 1612 434 1695 520
