mask 0.9756 1298 221 1388 331
mask 0.9553 1547 335 1783 558
mask 0.6986 574 251 672 370
mask 0.6601 588 220 733 379
mask 0.6002 950 262 1082 425
mask 0.2031 1266 194 1379 348
mask 0.1897 1748 206 1819 266
mask 0.1619 935 286 1032 403
mask 0.1272 1305 261 1374 329
mask 0.1096 1535 414 1757 588
mask 0.1055 1750 258 1861 356
mask 0.0859 1737 180 1831 282
mask 0.0712 2045 251 2124 370
mask 0.0596 2060 278 2119 345
mask 0.0371 1750 278 1825 350
mask 0.0345 1743 227 1815 295
mask 0.0293 589 292 692 380
mask 0.0157 915 225 1052 411
mask 0.0151 2062 252 2124 312
mask 0.0108 1299 169 1418 317
