mask 0.9868 1769 394 1878 494
mask 0.9806 1411 299 1504 420
mask 0.9623 1641 377 1736 483
mask 0.9505 1253 334 1352 438
mask 0.9328 1537 346 1635 468
mask 0.9068 536 401 592 463
mask 0.9063 433 404 487 474
mask 0.9044 980 306 1080 425
mask 0.9017 864 299 948 383
mask 0.8590 658 398 720 471
mask 0.7770 765 357 832 418
mask 0.7702 1927 338 2018 467
mask 0.7671 1118 343 1203 435
mask 0.6185 639 368 701 430
mask 0.5924 761 338 826 397
mask 0.5376 845 310 932 401
mask 0.4037 1296 305 1420 426
mask 0.3753 993 344 1068 422
mask 0.3669 784 344 863 418
mask 0.3482 622 338 678 397
mask 0.3352 1842 357 1997 481
mask 0.3228 562 374 621 438
mask 0.3227 1937 308 2081 462
mask 0.2735 1551 375 1615 445
mask 0.2176 1773 328 1899 493
mask 0.2160 1236 303 1364 463
mask 0.1896 1454 317 1590 436
mask 0.1533 285 365 344 428
mask 0.1506 2038 279 2116 408
mask 0.1166 375 365 435 427
mask 0.0968 1936 367 2002 443
mask 0.0750 217 353 268 418
mask 0.0674 2055 300 2107 382
mask 0.0609 212 324 270 395
mask 0.0551 577 341 637 395
mask 0.0524 436 371 496 440
mask 0.0490 726 389 789 455
mask 0.0487 394 400 455 464
mask 0.0458 1686 357 1824 480
mask 0.0425 430 428 489 489
mask 0.0360 383 339 442 392
mask 0.0290 647 425 711 491
mask 0.0279 272 332 331 393
mask 0.0233 2044 323 2116 467
mask 0.0220 461 336 519 396
mask 0.0217 1122 335 1183 404
mask 0.0168 2020 279 2101 357
mask 0.0157 916 309 1031 411
mask 0.0118 535 429 599 488
