mask 0.9510 370 598 479 705
mask 0.8419 911 597 974 660
mask 0.7717 1023 584 1077 643
mask 0.6707 1297 549 1359 601
mask 0.6617 1029 598 1084 658
mask 0.6326 649 594 738 699
mask 0.6023 1824 574 1879 637
mask 0.4049 1701 540 1794 657
mask 0.3261 752 608 810 674
mask 0.2011 1715 579 1780 645
mask 0.1416 2067 474 2117 539
mask 0.1411 1815 551 1898 646
mask 0.1311 658 633 723 703
mask 0.1211 1485 616 1549 677
mask 0.0973 1487 595 1590 690
mask 0.0886 1501 621 1577 681
mask 0.0818 736 585 816 684
mask 0.0648 757 745 818 802
mask 0.0591 1523 654 1597 712
mask 0.0548 1017 581 1101 676
mask 0.0515 750 581 813 649
mask 0.0500 390 638 462 724
mask 0.0450 1292 611 1357 669
mask 0.0321 1331 620 1402 682
mask 0.0261 1512 636 1610 728
mask 0.0260 1483 546 1548 599
mask 0.0215 380 617 452 695
mask 0.0206 1973 742 2045 800
mask 0.0174 1489 569 1553 630
mask 0.0159 411 634 517 717
mask 0.0153 525 698 580 773
mask 0.0140 745 729 830 813
