mask 0.9767 1018 167 1285 452
mask 0.8508 713 207 907 402
mask 0.3730 558 166 703 370
mask 0.1712 879 23 1048 178
mask 0.1514 1360 394 1671 707
mask 0.0593 798 -3 930 62
mask 0.0567 591 169 690 299
mask 0.0361 588 211 716 473
mask 0.0344 1238 84 1396 309
mask 0.0270 953 50 1057 154
mask 0.0252 728 257 857 382
mask 0.0219 766 -7 930 122
mask 0.0218 1319 278 1746 745
mask 0.0215 628 49 745 150
mask 0.0153 1256 0 1361 49
mask 0.0149 1038 266 1234 497
mask 0.0148 753 292 908 490
mask 0.0130 916 -2 1086 135
mask 0.0111 1217 -2 1411 426
