nomask 0.9956 542 224 630 320
nomask 0.9881 416 463 632 718
nomask 0.9845 233 197 315 320
nomask 0.9807 354 150 432 263
nomask 0.9750 916 153 995 267
nomask 0.9721 491 148 547 239
nomask 0.9468 808 171 897 301
nomask 0.9080 -2 374 140 580
nomask 0.8574 763 137 813 201
nomask 0.8118 32 142 84 222
nomask 0.7095 616 108 660 184
nomask 0.7040 690 276 780 399
nomask 0.5612 663 179 718 261
nomask 0.4894 295 294 377 399
nomask 0.2379 673 149 740 262
nomask 0.1017 738 126 813 215
nomask 0.0666 406 130 452 212
nomask 0.0652 753 149 794 229
nomask 0.0426 615 100 670 226
nomask 0.0305 269 249 361 388
nomask 0.0235 676 320 779 433
nomask 0.0233 559 258 641 360
nomask 0.0223 528 234 602 338
nomask 0.0210 1 282 47 377
nomask 0.0198 275 285 374 485
nomask 0.0194 416 151 449 194
nomask 0.0162 397 146 444 243
nomask 0.0153 685 236 768 367
nomask 0.0152 526 207 613 298
nomask 0.0129 907 166 968 239
nomask 0.0126 629 136 662 184
nomask 0.0119 273 325 367 431
