mask 0.9901 394 238 551 402
mask 0.6978 203 245 271 369
mask 0.6928 573 300 651 402
mask 0.6339 995 235 1277 532
mask 0.4052 1938 307 2092 473
mask 0.3865 1590 171 1686 275
mask 0.3233 1837 300 1992 484
mask 0.1993 237 174 313 280
mask 0.1326 191 176 303 364
mask 0.1130 1325 247 1406 306
mask 0.0880 229 189 366 363
mask 0.0770 1753 299 1954 493
mask 0.0716 2063 274 2132 423
mask 0.0520 1444 253 1508 314
mask 0.0487 1849 368 1955 512
mask 0.0419 1063 341 1250 579
mask 0.0337 1772 237 2026 508
mask 0.0326 1813 375 1928 501
mask 0.0321 1295 214 1389 327
mask 0.0146 2029 248 2137 451
mask 0.0137 538 281 660 419
mask 0.0128 735 248 799 303
mask 0.0126 2053 308 2124 465
mask 0.0123 924 283 1187 613
mask 0.0118 1966 358 2070 484
mask 0.0109 1598 132 1766 257
