mask 0.9201 1246 363 1314 423
mask 0.8548 1391 365 1450 434
mask 0.8346 401 320 469 378
mask 0.7820 263 359 366 450
mask 0.6615 392 298 478 391
mask 0.6464 1788 327 1852 384
mask 0.5130 283 378 356 439
mask 0.4431 1751 316 1823 374
mask 0.4093 1614 312 1697 368
mask 0.4041 483 294 545 356
mask 0.3188 1882 325 1952 377
mask 0.3151 1664 457 1734 572
mask 0.2840 1480 287 1541 346
mask 0.2581 1531 412 1617 522
mask 0.2475 1661 410 1818 545
mask 0.2260 1566 308 1638 375
mask 0.1958 1090 290 1150 344
mask 0.1686 1572 293 1642 347
mask 0.1655 1889 295 1950 343
mask 0.1568 1520 380 1626 496
mask 0.1345 1837 353 1917 403
mask 0.1245 1483 309 1547 379
mask 0.0989 1874 355 1954 415
mask 0.0974 536 314 605 367
mask 0.0965 243 308 390 448
mask 0.0934 833 276 889 334
mask 0.0927 1239 319 1324 418
mask 0.0903 528 298 594 352
mask 0.0592 1102 310 1166 370
mask 0.0549 1383 330 1448 401
mask 0.0401 1742 303 1819 349
mask 0.0384 1869 307 1966 394
mask 0.0285 1439 357 1508 428
mask 0.0260 1777 306 1848 352
mask 0.0191 1647 416 1728 553
mask 0.0189 828 262 888 313
mask 0.0184 461 292 546 383
mask 0.0173 1511 397 1655 540
mask 0.0147 367 354 441 407
mask 0.0119 361 707 467 810
mask 0.0115 1164 310 1234 374
mask 0.0101 1161 291 1223 350
