nomask 0.9967 191 16 247 72
nomask 0.9903 180 94 256 226
nomask 0.9620 586 20 651 74
nomask 0.9124 576 180 651 248
nomask 0.8719 24 8 86 74
nomask 0.7759 247 8 300 68
nomask 0.7078 458 142 535 261
nomask 0.6606 241 61 311 194
nomask 0.4260 253 97 315 163
nomask 0.4061 509 60 562 126
nomask 0.3239 655 162 729 232
nomask 0.3019 434 75 486 142
nomask 0.2663 219 76 293 213
nomask 0.2078 320 87 370 163
nomask 0.1722 281 82 339 160
nomask 0.1593 453 171 509 250
nomask 0.0891 332 83 392 148
nomask 0.0766 325 94 365 132
nomask 0.0679 410 29 438 82
nomask 0.0404 463 65 526 125
nomask 0.0304 28 38 86 110
nomask 0.0251 373 265 417 303
nomask 0.0175 226 14 277 74
nomask 0.0162 429 121 503 277
nomask 0.0156 411 39 433 72
nomask 0.0147 165 57 281 255
nomask 0.0131 464 89 526 140
nomask 0.0125 289 90 321 135
nomask 0.0117 340 231 407 303
