nomask 0.4716 1779 1512 1879 1631
nomask 0.1685 1490 1482 1579 1597
nomask 0.0934 664 253 745 390
nomask 0.0830 1661 1495 1761 1605
nomask 0.0820 2186 1387 2257 1488
nomask 0.0756 1979 1605 2108 1732
nomask 0.0710 752 264 851 383
nomask 0.0698 1931 1593 2028 1713
nomask 0.0566 1431 1497 1537 1612
nomask 0.0487 1799 1559 1889 1684
nomask 0.0406 2902 1600 2989 1711
nomask 0.0297 1489 1458 1604 1543
nomask 0.0270 57 1494 135 1611
nomask 0.0205 382 1502 467 1601
nomask 0.0182 1130 1587 1234 1708
nomask 0.0170 1776 1457 1896 1547
nomask 0.0169 1410 1451 1524 1537
nomask 0.0156 742 337 848 472
nomask 0.0145 1122 1450 1229 1538
nomask 0.0121 2907 1663 2994 1783
nomask 0.0107 1988 1704 2146 1812
nomask 0.0100 661 318 753 467
mask 0.0470 2952 1325 3024 1427
mask 0.0196 58 1436 141 1550
