nomask 0.0235 1206 544 1489 685
mask 0.9654 1152 222 1458 563
mask 0.9392 338 370 493 519
mask 0.7808 638 406 770 562
mask 0.6869 850 365 905 427
mask 0.6113 1877 391 1932 463
mask 0.4154 590 441 753 593
mask 0.2811 759 327 813 385
mask 0.2024 306 236 365 299
mask 0.1193 693 449 786 577
mask 0.1065 788 453 880 578
mask 0.1033 485 422 657 608
mask 0.0980 1670 395 1725 452
mask 0.0954 720 410 808 546
mask 0.0825 2051 491 2113 553
mask 0.0646 819 340 886 398
mask 0.0641 1816 398 1870 451
mask 0.0501 1697 384 1752 440
mask 0.0434 231 239 288 305
mask 0.0426 732 360 800 427
mask 0.0345 2043 463 2111 570
mask 0.0307 800 488 877 620
mask 0.0283 1649 381 1709 440
mask 0.0226 573 335 632 394
mask 0.0219 237 263 286 340
mask 0.0202 1170 397 1484 645
mask 0.0182 583 349 644 412
mask 0.0164 735 391 798 473
mask 0.0163 678 398 840 555
mask 0.0160 633 341 701 396
mask 0.0140 227 311 279 386
mask 0.0140 255 364 424 553
mask 0.0137 1808 382 1861 437
mask 0.0128 707 482 800 619
mask 0.0127 1872 363 1949 452
mask 0.0114 340 417 514 590
mask 0.0109 644 359 716 429
mask 0.0108 338 234 397 303
