nomask 0.9435 787 149 813 179
nomask 0.8698 737 146 765 173
nomask 0.7395 170 173 193 214
nomask 0.7192 573 145 599 173
nomask 0.6481 358 132 383 157
nomask 0.6241 115 183 151 239
nomask 0.6202 849 170 874 198
nomask 0.3691 809 153 837 182
nomask 0.2676 852 155 877 183
nomask 0.2672 117 202 143 241
nomask 0.2484 656 130 681 158
nomask 0.1646 745 133 771 163
nomask 0.1636 292 109 312 139
nomask 0.1546 387 109 410 132
nomask 0.1366 550 147 584 175
nomask 0.1324 582 135 611 162
nomask 0.1233 293 118 315 149
nomask 0.1161 631 130 658 157
nomask 0.1150 670 146 698 172
nomask 0.1127 792 161 817 192
nomask 0.1036 892 173 916 199
nomask 0.0971 697 131 725 157
nomask 0.0897 849 133 873 159
nomask 0.0873 750 107 773 135
nomask 0.0846 846 184 875 217
nomask 0.0842 815 166 842 198
nomask 0.0724 616 147 646 172
nomask 0.0717 638 110 662 139
nomask 0.0633 440 110 465 134
nomask 0.0605 497 128 525 156
nomask 0.0526 388 129 414 152
nomask 0.0508 890 188 920 217
nomask 0.0486 775 135 801 164
nomask 0.0479 939 123 959 155
nomask 0.0478 696 149 728 174
nomask 0.0464 394 145 422 174
nomask 0.0463 228 206 277 253
nomask 0.0461 500 144 530 176
nomask 0.0447 432 127 459 150
nomask 0.0413 708 109 733 136
nomask 0.0395 650 113 677 140
nomask 0.0379 943 109 963 140
nomask 0.0348 504 111 533 133
nomask 0.0346 901 109 923 138
nomask 0.0344 245 197 275 226
nomask 0.0340 896 126 919 153
nomask 0.0306 365 140 388 168
nomask 0.0306 926 168 946 202
nomask 0.0297 544 132 579 158
nomask 0.0288 233 241 270 303
nomask 0.0271 467 145 502 174
nomask 0.0263 589 110 618 136
nomask 0.0258 236 217 271 244
nomask 0.0250 774 110 800 137
nomask 0.0250 467 130 501 154
nomask 0.0235 230 229 272 278
nomask 0.0227 934 144 953 177
nomask 0.0225 428 144 456 175
nomask 0.0223 169 208 197 241
nomask 0.0221 328 111 352 136
nomask 0.0200 534 162 563 197
nomask 0.0197 922 187 944 223
nomask 0.0194 847 110 870 138
nomask 0.0190 575 160 598 194
nomask 0.0187 821 185 851 218
nomask 0.0180 537 111 567 134
nomask 0.0175 821 135 850 161
nomask 0.0149 895 152 919 179
nomask 0.0145 706 86 734 112
nomask 0.0134 509 90 538 112
nomask 0.0131 205 215 239 246
nomask 0.0130 240 184 280 236
nomask 0.0125 470 111 498 134
nomask 0.0111 741 87 766 114
nomask 0.0110 829 108 855 137
nomask 0.0107 660 88 689 114
nomask 0.0103 243 170 268 209
