nomask 0.9987 1057 430 1188 578
nomask 0.9893 698 422 834 600
nomask 0.9881 861 389 984 562
nomask 0.9550 494 423 575 522
nomask 0.9057 162 287 342 533
nomask 0.8997 389 451 469 546
nomask 0.5476 17 372 129 517
nomask 0.2018 870 413 970 516
nomask 0.0787 1050 457 1139 546
nomask 0.0600 231 364 356 555
nomask 0.0303 1187 411 1261 500
nomask 0.0193 393 470 463 520
nomask 0.0182 534 418 596 502
nomask 0.0153 501 440 565 499
nomask 0.0141 382 396 478 559
nomask 0.0133 913 408 990 521
nomask 0.0123 263 454 345 558
