mask 0.9017 1521 276 1588 335
mask 0.9003 1442 287 1500 345
mask 0.8925 1988 281 2064 347
mask 0.8448 1784 289 1846 349
mask 0.4997 1329 270 1386 329
mask 0.4235 1305 271 1364 326
mask 0.2894 547 195 607 259
mask 0.0923 823 284 883 337
mask 0.0880 1092 276 1156 329
mask 0.0773 2072 272 2133 342
mask 0.0735 1094 254 1162 313
mask 0.0704 1630 472 1716 572
mask 0.0659 730 281 786 332
mask 0.0537 1967 243 2065 333
mask 0.0462 1447 250 1505 326
mask 0.0401 1517 247 1600 325
mask 0.0283 1749 275 1814 335
mask 0.0257 912 283 970 336
mask 0.0249 1932 240 1995 311
mask 0.0201 1919 275 1990 340
mask 0.0174 1436 308 1497 361
mask 0.0171 1798 307 1849 361
mask 0.0160 665 280 715 330
mask 0.0152 1777 257 1856 320
mask 0.0120 1654 267 1708 336
mask 0.0113 994 290 1062 340
mask 0.0101 472 292 531 342
