mask 0.6599 1352 493 1414 554
mask 0.6237 872 456 963 572
mask 0.5591 1464 492 1527 551
mask 0.4557 1659 487 1722 545
mask 0.4054 287 470 354 534
mask 0.3673 1538 497 1606 558
mask 0.2151 1805 489 1875 546
mask 0.1930 1994 493 2066 552
mask 0.1887 1911 485 1979 546
mask 0.1524 398 470 463 540
mask 0.1314 1706 499 1780 556
mask 0.0958 387 448 454 520
mask 0.0715 434 471 484 550
mask 0.0640 2053 493 2121 559
mask 0.0514 846 452 931 579
mask 0.0443 1999 510 2063 577
mask 0.0363 434 434 482 523
mask 0.0334 1285 502 1357 560
mask 0.0286 1182 500 1257 555
mask 0.0263 1274 519 1331 576
mask 0.0258 426 441 484 584
mask 0.0138 1908 508 1967 581
mask 0.0118 1904 466 1979 514
mask 0.0106 1669 73 1717 135
mask 0.0100 1184 520 1252 572
