nomask 0.9231 886 100 989 243
nomask 0.9178 261 316 327 393
nomask 0.8800 371 262 443 337
nomask 0.7547 487 237 564 325
nomask 0.7487 1207 239 1290 322
nomask 0.3654 617 305 695 392
nomask 0.2961 1466 360 1502 422
nomask 0.2562 661 262 739 359
nomask 0.1878 257 326 307 380
nomask 0.0694 624 327 681 378
nomask 0.0635 488 249 539 306
nomask 0.0288 81 334 128 386
nomask 0.0270 759 312 827 358
nomask 0.0201 79 353 126 398
nomask 0.0161 616 268 719 408
nomask 0.0156 1125 311 1190 394
nomask 0.0125 107 350 158 392
