nomask 0.9506 791 228 839 286
nomask 0.8824 616 231 664 282
nomask 0.8651 1197 209 1264 270
nomask 0.7983 1061 209 1123 263
nomask 0.7559 376 256 416 295
nomask 0.7196 507 250 559 301
nomask 0.6662 696 253 735 296
nomask 0.4933 49 233 102 294
nomask 0.4237 238 257 273 300
nomask 0.3878 61 254 103 290
nomask 0.3144 140 246 239 338
nomask 0.2859 1153 205 1206 270
nomask 0.2788 1328 229 1396 288
nomask 0.2476 363 240 417 292
nomask 0.1455 834 248 943 332
nomask 0.1381 1219 216 1266 262
nomask 0.0880 1154 227 1192 267
nomask 0.0833 957 217 1012 283
nomask 0.0660 1204 224 1256 263
nomask 0.0639 902 248 964 315
nomask 0.0466 1330 218 1412 332
nomask 0.0453 1073 202 1147 277
nomask 0.0396 951 201 1010 263
nomask 0.0350 1020 205 1108 291
nomask 0.0342 789 208 849 269
nomask 0.0338 1326 207 1396 266
nomask 0.0329 237 234 268 289
nomask 0.0321 1310 228 1368 289
nomask 0.0312 222 264 275 336
nomask 0.0280 30 234 104 336
nomask 0.0232 922 223 981 291
nomask 0.0214 927 197 985 265
nomask 0.0209 693 219 729 257
nomask 0.0207 621 213 655 259
nomask 0.0202 957 213 1002 249
nomask 0.0171 965 232 1003 271
nomask 0.0141 525 242 562 288
nomask 0.0130 1039 203 1104 262
nomask 0.0112 175 240 265 342
nomask 0.0104 458 255 488 292
nomask 0.0102 856 218 956 310
