nomask 0.0111 1157 678 1274 775
mask 0.9197 1924 362 1984 426
mask 0.8577 1607 368 1657 428
mask 0.7538 2072 362 2134 414
mask 0.6734 1344 368 1399 428
mask 0.6391 658 417 721 470
mask 0.6095 1790 372 1851 432
mask 0.5766 1755 373 1815 436
mask 0.5727 452 415 513 467
mask 0.5423 1472 378 1530 437
mask 0.5126 796 408 852 468
mask 0.4641 550 414 609 468
mask 0.4532 1150 375 1210 437
mask 0.4258 1148 399 1209 451
mask 0.4114 1563 369 1619 428
mask 0.3534 908 415 976 470
mask 0.3344 1130 374 1189 431
mask 0.3316 343 403 407 455
mask 0.2980 1018 363 1079 416
mask 0.2093 1295 371 1353 433
mask 0.2021 537 439 598 496
mask 0.1996 884 444 963 501
mask 0.1645 911 378 972 430
mask 0.1414 652 445 722 493
mask 0.1377 319 402 389 458
mask 0.1309 1126 398 1187 449
mask 0.1131 734 413 798 474
mask 0.1079 1258 400 1318 451
mask 0.0882 463 438 533 491
mask 0.0826 1927 340 1997 404
mask 0.0674 725 449 801 502
mask 0.0560 800 381 862 438
mask 0.0409 1810 340 1875 399
mask 0.0407 1799 399 1867 451
mask 0.0396 1727 396 1794 449
mask 0.0359 567 381 628 437
mask 0.0335 997 408 1063 458
mask 0.0315 810 437 878 498
mask 0.0300 1604 391 1660 446
mask 0.0290 1348 398 1415 449
mask 0.0258 1153 446 1230 501
mask 0.0217 735 371 793 435
mask 0.0202 1995 371 2073 429
mask 0.0164 2076 336 2142 406
mask 0.0155 655 379 722 439
mask 0.0146 1527 396 1596 454
mask 0.0141 1460 448 1529 507
mask 0.0129 2073 388 2124 452
mask 0.0123 1015 344 1084 398
mask 0.0114 1885 699 1967 747
