nomask 0.9952 841 375 1012 545
nomask 0.9679 519 438 672 621
nomask 0.8467 1236 339 1397 510
nomask 0.7508 1344 331 1513 513
nomask 0.5083 229 576 402 764
nomask 0.1454 1573 120 2080 673
nomask 0.1324 0 200 202 801
nomask 0.0642 1396 294 1570 494
nomask 0.0501 1365 384 1484 502
nomask 0.0245 276 604 413 727
nomask 0.0223 221 534 446 828
nomask 0.0198 1430 32 2203 367
nomask 0.0192 1268 299 1488 527
nomask 0.0143 1430 343 1539 473
nomask 0.0141 1453 316 1555 428
nomask 0.0127 287 822 506 983
nomask 0.0122 1227 248 1360 497
mask 0.0106 2046 133 2122 681
