nomask 0.0567 1522 150 1627 251
nomask 0.0275 1539 170 1619 229
nomask 0.0105 437 289 591 528
mask 0.9858 215 479 467 779
mask 0.9205 671 152 822 308
mask 0.9174 1234 494 1453 734
mask 0.9047 1566 239 1749 404
mask 0.8459 396 114 543 247
mask 0.8367 447 382 603 559
mask 0.8360 1711 521 1929 673
mask 0.8238 2005 224 2098 315
mask 0.7572 1406 272 1595 425
mask 0.7435 1281 52 1373 146
mask 0.7348 952 161 1192 426
mask 0.7122 1888 344 2000 444
mask 0.6709 1885 151 1953 206
mask 0.6428 1364 220 1534 424
mask 0.5797 1164 0 1231 52
mask 0.5068 1378 23 1447 88
mask 0.4618 2073 105 2133 175
mask 0.4395 1806 231 1916 317
mask 0.3757 1063 0 1128 59
mask 0.3647 749 51 844 152
mask 0.3504 1149 23 1218 86
mask 0.3382 1374 0 1436 56
mask 0.3004 1135 118 1225 244
mask 0.2595 321 51 477 249
mask 0.2323 1534 40 1599 100
mask 0.2215 853 684 1026 865
mask 0.2022 929 0 996 59
mask 0.1960 389 326 577 602
mask 0.1746 1036 -8 1103 48
mask 0.1526 956 274 1167 441
mask 0.1502 2076 85 2139 151
mask 0.1487 1732 190 1803 255
mask 0.1440 502 352 642 560
mask 0.1347 933 20 997 82
mask 0.1323 725 10 843 131
mask 0.1269 1101 19 1169 90
mask 0.1181 1576 309 1755 460
mask 0.1122 881 605 1031 830
mask 0.1081 1518 167 1615 268
mask 0.1009 1828 299 1996 431
mask 0.1003 649 152 848 395
mask 0.0995 739 639 1003 892
mask 0.0986 604 1 713 41
mask 0.0915 1673 89 1768 195
mask 0.0791 2055 126 2130 232
mask 0.0789 1533 190 1609 246
mask 0.0750 362 3 475 44
mask 0.0680 1341 178 1510 375
mask 0.0612 238 45 407 246
mask 0.0581 911 2 1004 101
mask 0.0580 460 2 575 43
mask 0.0554 833 539 1021 871
mask 0.0554 1538 59 1601 126
mask 0.0551 1879 368 1988 478
mask 0.0545 2059 162 2126 288
mask 0.0497 246 0 358 37
mask 0.0487 1690 110 1757 180
mask 0.0485 1258 28 1396 168
mask 0.0479 1688 478 1892 644
mask 0.0475 1177 189 1251 357
mask 0.0462 1901 123 1963 200
mask 0.0383 1866 233 1942 302
mask 0.0357 1286 45 1367 107
mask 0.0320 1594 266 1718 380
mask 0.0315 1363 -7 1448 74
mask 0.0311 824 -6 896 46
mask 0.0308 1973 233 2131 370
mask 0.0305 278 371 510 691
mask 0.0302 2040 210 2114 326
mask 0.0278 504 0 629 36
mask 0.0256 1687 142 1783 244
mask 0.0251 1993 256 2103 335
mask 0.0250 1133 168 1250 378
mask 0.0247 1278 -4 1360 55
mask 0.0232 373 122 488 256
mask 0.0232 2016 145 2076 222
mask 0.0219 1979 193 2085 297
mask 0.0216 1705 159 1775 222
mask 0.0206 790 80 853 146
mask 0.0190 1022 -13 1113 72
mask 0.0177 691 243 901 452
mask 0.0175 174 229 498 851
mask 0.0158 935 68 993 132
mask 0.0151 220 1 394 55
mask 0.0140 1731 409 1927 658
mask 0.0140 1153 61 1221 129
mask 0.0132 1352 283 1473 404
mask 0.0130 487 1 650 54
mask 0.0130 1773 257 1880 339
mask 0.0129 1897 190 1967 251
mask 0.0115 1151 144 1228 292
mask 0.0113 1157 144 1224 217
mask 0.0110 1430 511 1584 722
mask 0.0101 1085 98 1232 274
