nomask 0.0168 263 390 388 694
mask 0.8890 285 152 421 317
mask 0.4776 1288 166 1342 226
mask 0.2530 944 199 1008 263
mask 0.1083 438 120 535 233
mask 0.0961 932 181 1021 280
mask 0.0829 551 170 644 274
mask 0.0397 717 122 888 274
mask 0.0394 461 141 521 220
mask 0.0358 1208 191 1268 253
mask 0.0342 1066 185 1136 248
mask 0.0323 969 196 1044 261
mask 0.0309 740 81 896 225
mask 0.0215 936 217 994 287
mask 0.0210 707 352 870 565
mask 0.0162 1295 180 1357 240
mask 0.0127 308 61 456 241
mask 0.0125 1053 167 1143 270
mask 0.0123 326 69 438 162
