nomask 0.9941 366 162 406 209
nomask 0.9616 77 71 150 144
nomask 0.9538 371 216 438 285
nomask 0.9486 496 139 540 202
nomask 0.9421 288 146 328 195
nomask 0.8981 395 223 446 274
nomask 0.8866 711 90 783 162
nomask 0.8783 248 115 290 173
nomask 0.7049 568 102 634 183
nomask 0.2158 343 155 390 218
nomask 0.1731 567 273 604 319
nomask 0.1192 120 99 163 146
nomask 0.1062 505 122 561 196
nomask 0.1003 573 113 614 174
nomask 0.0522 233 85 286 169
nomask 0.0297 286 163 324 190
nomask 0.0213 299 126 340 176
nomask 0.0104 567 108 599 183
