nomask 0.9768 310 82 344 134
nomask 0.9585 140 86 172 131
nomask 0.9408 367 92 398 136
nomask 0.9275 30 65 108 134
nomask 0.9124 237 93 268 135
nomask 0.4279 322 80 358 133
nomask 0.2797 424 90 507 164
nomask 0.2175 322 89 343 128
nomask 0.1188 99 170 119 209
nomask 0.0699 420 137 442 171
nomask 0.0570 305 70 351 147
nomask 0.0489 418 122 462 175
nomask 0.0385 421 106 470 157
nomask 0.0277 47 76 103 123
nomask 0.0245 233 106 263 133
nomask 0.0236 380 189 488 301
nomask 0.0195 113 277 143 302
nomask 0.0159 415 96 445 151
nomask 0.0146 315 98 340 136
nomask 0.0129 70 82 105 134
nomask 0.0129 98 161 123 240
nomask 0.0101 102 177 117 202
