nomask 0.9951 583 369 642 481
nomask 0.9855 407 357 472 434
nomask 0.9828 650 400 696 524
nomask 0.9669 642 186 696 279
nomask 0.9611 485 300 545 380
nomask 0.9582 529 245 596 349
nomask 0.9482 345 155 415 234
nomask 0.9226 383 214 449 297
nomask 0.8986 321 256 386 362
nomask 0.8902 370 179 433 288
nomask 0.5411 658 285 699 386
nomask 0.4448 517 175 550 227
nomask 0.4419 517 159 581 241
nomask 0.3976 50 29 241 210
nomask 0.2259 654 433 700 504
nomask 0.0478 495 275 562 368
nomask 0.0351 520 184 546 217
nomask 0.0332 479 311 532 363
nomask 0.0317 656 200 695 262
