mask 0.8532 805 375 897 471
mask 0.6814 1239 385 1313 483
mask 0.6286 347 357 438 459
mask 0.5268 1577 413 1640 486
mask 0.4455 1569 434 1636 504
mask 0.3317 1791 359 1851 424
mask 0.2248 2043 336 2108 403
mask 0.0686 377 388 441 466
mask 0.0648 373 318 502 476
mask 0.0393 553 436 648 519
mask 0.0340 1213 374 1296 494
mask 0.0334 1743 373 1809 436
mask 0.0292 785 358 919 503
mask 0.0281 566 448 641 498
mask 0.0230 1922 525 1981 582
mask 0.0219 1616 432 1682 506
mask 0.0183 1241 420 1303 500
mask 0.0106 1541 745 1649 787
