nomask 0.1045 381 269 554 420
mask 0.9259 1160 235 1417 500
mask 0.9097 703 191 956 387
mask 0.8676 428 232 581 395
mask 0.5796 1010 294 1101 419
mask 0.2913 1115 157 1356 449
mask 0.1302 224 245 293 313
mask 0.1230 1495 284 1587 391
mask 0.0645 1150 260 1336 446
mask 0.0538 276 272 347 335
mask 0.0454 255 258 353 352
mask 0.0402 1361 241 1454 368
mask 0.0292 1512 301 1576 374
mask 0.0291 254 250 323 314
mask 0.0261 238 224 337 330
mask 0.0256 672 261 916 425
mask 0.0255 601 267 728 371
mask 0.0232 1309 266 1450 430
mask 0.0216 978 233 1114 407
mask 0.0184 1589 311 1876 618
mask 0.0177 1224 320 1414 550
mask 0.0166 221 216 364 382
mask 0.0166 937 270 1083 426
mask 0.0113 1463 276 1552 402
mask 0.0110 849 211 1014 391
mask 0.0108 1029 334 1096 421
