nomask 0.6944 1024 282 1076 363
nomask 0.1358 1196 562 1278 638
nomask 0.1215 458 422 504 473
nomask 0.0862 523 420 571 474
nomask 0.0796 1 442 109 583
nomask 0.0534 368 469 411 529
nomask 0.0316 292 499 354 590
nomask 0.0267 538 431 577 489
nomask 0.0157 651 420 694 471
nomask 0.0146 850 412 891 462
nomask 0.0146 1480 553 1588 725
nomask 0.0129 1292 463 1363 532
nomask 0.0125 1114 506 1156 562
nomask 0.0110 1102 545 1162 646
nomask 0.0107 1303 480 1351 539
nomask 0.0107 652 433 689 489
nomask 0.0102 629 530 697 615
nomask 0.0101 1069 500 1109 564
mask 0.2362 461 433 503 484
mask 0.1671 677 485 749 585
mask 0.1243 1166 533 1279 655
mask 0.0983 454 420 511 495
mask 0.0874 1504 515 1601 699
mask 0.0723 565 542 628 654
mask 0.0414 817 431 854 486
mask 0.0335 518 427 563 483
mask 0.0325 1093 438 1139 481
mask 0.0324 368 454 421 542
mask 0.0168 1187 439 1235 487
mask 0.0160 1362 439 1402 488
mask 0.0146 1099 524 1161 619
mask 0.0143 712 486 784 583
mask 0.0134 1440 444 1477 497
