mask 0.8980 254 174 362 288
mask 0.8949 1377 282 1445 349
mask 0.8826 685 167 936 443
mask 0.5738 1975 254 2034 311
mask 0.5675 1134 350 1194 434
mask 0.5544 721 273 921 436
mask 0.4378 1625 276 1681 342
mask 0.3355 1184 277 1247 344
mask 0.1454 1115 310 1212 428
mask 0.1430 1470 309 1523 371
mask 0.0980 1265 263 1356 367
mask 0.0797 1158 323 1220 394
mask 0.0614 1147 301 1228 413
mask 0.0561 1448 296 1516 356
mask 0.0329 1377 304 1436 368
mask 0.0163 1124 340 1202 402
mask 0.0162 951 335 1102 534
mask 0.0161 1617 252 1690 362
mask 0.0160 2055 538 2124 664
mask 0.0155 1274 309 1330 379
mask 0.0142 1629 253 1683 317
mask 0.0121 1191 245 1253 317
mask 0.0109 1640 310 1692 364
