nomask 0.5783 628 146 650 177
nomask 0.5564 469 236 492 266
nomask 0.5379 34 176 61 202
nomask 0.4987 300 246 324 267
nomask 0.3739 431 150 452 174
nomask 0.3312 573 153 597 181
nomask 0.0634 56 180 80 201
nomask 0.0487 525 148 547 173
nomask 0.0396 506 158 526 180
nomask 0.0364 111 181 131 205
nomask 0.0314 82 179 103 200
nomask 0.0268 76 169 97 191
nomask 0.0185 278 175 298 196
nomask 0.0179 371 150 398 174
nomask 0.0155 330 147 349 173
nomask 0.0131 136 198 153 219
nomask 0.0128 62 166 85 192
nomask 0.0128 518 156 542 179
mask 0.1148 372 157 399 182
mask 0.0741 282 170 302 191
mask 0.0486 305 165 325 188
mask 0.0209 329 160 351 185
mask 0.0194 465 231 490 256
mask 0.0141 369 145 400 178
mask 0.0118 362 161 390 185
mask 0.0101 170 167 191 190
