nomask 0.9210 450 111 469 134
nomask 0.8534 561 109 581 129
nomask 0.8000 492 110 511 135
nomask 0.7380 521 120 543 145
nomask 0.7023 530 123 551 148
nomask 0.4475 621 59 640 82
nomask 0.4421 597 110 619 131
nomask 0.3884 405 107 429 128
nomask 0.3290 365 97 387 117
nomask 0.3240 364 104 386 123
nomask 0.3118 637 94 656 116
nomask 0.3071 532 134 556 157
nomask 0.3028 354 105 374 126
nomask 0.2992 512 93 532 115
nomask 0.2955 658 75 676 98
nomask 0.2833 601 120 622 143
nomask 0.2302 370 126 397 145
nomask 0.2224 588 166 615 190
nomask 0.2107 631 106 650 128
nomask 0.2098 350 98 371 117
nomask 0.1873 647 152 667 174
nomask 0.1844 586 159 616 182
nomask 0.1716 519 78 539 100
nomask 0.1478 625 123 648 144
nomask 0.1461 404 123 429 141
nomask 0.1457 573 154 602 179
nomask 0.1353 512 110 534 134
nomask 0.1267 514 134 537 157
nomask 0.1223 544 77 564 97
nomask 0.1217 573 77 594 98
nomask 0.1181 485 95 504 118
nomask 0.1073 654 60 672 86
nomask 0.1035 354 121 373 143
nomask 0.0984 462 77 482 99
nomask 0.0973 570 63 591 84
nomask 0.0972 537 63 557 84
nomask 0.0945 563 96 585 118
nomask 0.0925 430 107 455 128
nomask 0.0909 546 92 568 114
nomask 0.0886 594 78 616 98
nomask 0.0866 395 76 414 99
nomask 0.0856 456 95 476 119
nomask 0.0785 438 78 458 100
nomask 0.0759 599 62 620 83
nomask 0.0747 681 73 701 100
nomask 0.0744 597 95 619 116
nomask 0.0730 562 119 586 142
nomask 0.0724 535 111 559 134
nomask 0.0714 464 63 485 83
nomask 0.0644 508 155 534 180
nomask 0.0637 515 167 538 190
nomask 0.0597 488 153 512 179
nomask 0.0582 427 124 453 142
nomask 0.0576 630 137 657 161
nomask 0.0571 647 144 670 166
nomask 0.0549 437 93 459 114
nomask 0.0532 516 65 537 86
nomask 0.0522 625 77 647 97
nomask 0.0515 531 154 562 177
nomask 0.0499 691 57 708 84
nomask 0.0473 478 78 498 100
nomask 0.0468 651 88 670 112
nomask 0.0454 394 96 419 115
nomask 0.0432 315 92 337 111
nomask 0.0420 630 152 657 174
nomask 0.0400 563 140 595 159
nomask 0.0396 655 43 671 70
nomask 0.0389 489 135 513 158
nomask 0.0382 399 63 419 85
nomask 0.0382 537 48 555 68
nomask 0.0346 431 63 450 83
nomask 0.0311 374 80 394 101
nomask 0.0298 624 30 642 50
nomask 0.0295 682 85 700 115
nomask 0.0252 464 30 481 49
nomask 0.0240 465 47 485 68
nomask 0.0219 481 63 502 84
nomask 0.0218 339 62 358 86
nomask 0.0205 534 169 558 193
nomask 0.0194 578 46 596 68
nomask 0.0186 288 94 309 112
nomask 0.0180 488 114 516 145
nomask 0.0179 624 45 641 73
nomask 0.0178 485 163 503 191
nomask 0.0177 202 96 226 114
nomask 0.0170 378 61 398 84
nomask 0.0161 444 115 471 143
nomask 0.0154 593 45 612 69
nomask 0.0153 113 171 134 193
nomask 0.0150 652 126 677 148
nomask 0.0147 597 137 624 162
nomask 0.0144 375 45 395 69
nomask 0.0142 375 134 397 157
nomask 0.0140 506 36 527 53
nomask 0.0126 403 46 423 70
nomask 0.0125 425 134 451 159
nomask 0.0116 574 167 602 191
nomask 0.0114 657 104 677 128
nomask 0.0107 345 80 364 101
nomask 0.0100 507 44 525 68
mask 0.0337 678 64 702 107
mask 0.0145 680 119 696 148
mask 0.0124 679 102 696 131
