nomask 0.6111 800 117 825 144
nomask 0.5216 645 139 677 166
nomask 0.3507 403 166 426 190
nomask 0.1103 509 166 538 190
nomask 0.0865 371 170 405 191
nomask 0.0834 511 178 537 206
nomask 0.0815 742 109 770 135
nomask 0.0648 308 153 334 185
nomask 0.0539 737 96 763 125
nomask 0.0526 378 178 402 204
nomask 0.0515 512 139 537 168
nomask 0.0277 705 137 738 164
nomask 0.0267 807 122 837 147
nomask 0.0265 312 135 335 168
nomask 0.0247 326 140 355 168
nomask 0.0223 523 165 552 191
nomask 0.0210 338 160 372 185
nomask 0.0153 649 151 687 180
nomask 0.0115 373 144 404 169
