mask 0.8875 455 355 558 463
mask 0.8667 1823 387 1911 486
mask 0.8126 733 395 794 452
mask 0.7795 609 378 677 444
mask 0.7432 1646 408 1714 479
mask 0.7030 883 393 943 450
mask 0.4951 1511 410 1576 472
mask 0.4648 1245 365 1308 429
mask 0.2527 1066 371 1133 434
mask 0.2373 1390 406 1447 466
mask 0.2038 478 384 541 470
mask 0.1565 1448 441 1510 492
mask 0.1546 1039 402 1097 459
mask 0.1323 1447 420 1515 476
mask 0.1256 708 363 793 458
mask 0.1181 863 370 922 434
mask 0.1096 1043 361 1103 427
mask 0.0924 1252 399 1319 454
mask 0.0752 867 390 918 452
mask 0.0563 1071 393 1128 454
mask 0.0516 1155 391 1246 484
mask 0.0369 1877 400 1939 477
mask 0.0310 1511 440 1578 485
mask 0.0238 1379 436 1444 490
mask 0.0208 1638 363 1724 462
mask 0.0190 1513 374 1577 435
mask 0.0188 1173 440 1249 495
mask 0.0143 1823 433 1900 483
mask 0.0100 1387 377 1448 433
