mask 0.9780 1824 277 1981 438
mask 0.9590 1182 62 1572 676
mask 0.8473 713 306 815 409
mask 0.8436 902 319 1037 454
mask 0.7201 446 294 554 394
mask 0.7171 1203 223 1531 558
mask 0.6676 1535 229 1628 339
mask 0.3923 1071 237 1129 303
mask 0.3678 1563 266 1624 337
mask 0.3211 415 269 536 380
mask 0.2644 359 246 544 393
mask 0.2417 1068 296 1143 421
mask 0.2369 2040 345 2122 439
mask 0.2014 704 327 785 427
mask 0.1940 653 252 718 318
mask 0.1525 229 306 395 458
mask 0.1147 1077 333 1133 435
mask 0.0669 1654 333 1728 387
mask 0.0422 1075 262 1129 342
mask 0.0412 939 258 1078 452
mask 0.0375 1064 240 1137 361
mask 0.0365 1655 349 1724 414
mask 0.0242 1202 362 1524 674
mask 0.0238 1084 347 1148 511
mask 0.0226 361 295 472 398
mask 0.0194 960 327 1059 454
mask 0.0179 832 241 897 303
mask 0.0174 1147 275 1207 337
mask 0.0172 1412 298 1577 497
mask 0.0160 317 309 473 456
mask 0.0151 196 313 269 460
mask 0.0123 2021 347 2098 416
mask 0.0113 694 274 796 383
mask 0.0112 905 376 1024 459
mask 0.0111 932 340 1102 495
