nomask 0.7934 491 100 531 140
nomask 0.3775 461 97 490 139
nomask 0.2999 549 168 651 283
nomask 0.2793 269 180 336 245
nomask 0.2102 350 148 406 216
nomask 0.2063 562 196 624 277
nomask 0.1762 533 140 595 215
nomask 0.1678 359 159 398 205
nomask 0.0786 536 157 581 201
nomask 0.0404 470 91 519 151
nomask 0.0397 535 175 598 244
nomask 0.0384 337 164 397 229
nomask 0.0346 306 112 365 170
nomask 0.0303 255 193 292 245
nomask 0.0233 291 132 364 218
nomask 0.0155 263 211 339 263
nomask 0.0137 528 108 595 179
nomask 0.0125 73 193 140 258
nomask 0.0106 613 202 667 284
mask 0.2380 336 126 393 198
mask 0.2217 343 148 397 216
mask 0.1838 321 125 353 168
mask 0.1432 325 111 386 179
mask 0.1363 350 139 416 204
mask 0.0459 343 115 409 176
mask 0.0397 312 110 363 175
mask 0.0368 322 133 348 157
