nomask 0.9551 190 495 360 729
nomask 0.9454 183 156 349 359
nomask 0.7959 688 169 872 359
nomask 0.7933 697 502 865 729
nomask 0.4929 238 1227 478 1492
nomask 0.4475 401 454 500 608
nomask 0.4332 182 548 333 692
nomask 0.3842 678 1244 882 1488
nomask 0.3259 220 1008 306 1089
nomask 0.2451 705 1291 827 1471
nomask 0.2057 710 958 847 1099
nomask 0.1754 742 1016 827 1095
nomask 0.1393 224 932 356 1091
nomask 0.0424 83 861 142 972
nomask 0.0232 244 1324 362 1482
nomask 0.0220 745 804 896 904
nomask 0.0217 704 101 938 328
nomask 0.0195 749 1054 826 1096
nomask 0.0178 378 414 520 661
nomask 0.0177 716 790 866 833
nomask 0.0162 709 1035 837 1125
nomask 0.0152 735 789 849 814
nomask 0.0127 753 948 892 1090
nomask 0.0120 231 834 350 1000
nomask 0.0111 743 228 909 333
nomask 0.0110 93 873 130 949
nomask 0.0108 669 1182 974 1514
