mask 0.6142 1345 456 1437 558
mask 0.4870 1681 629 1786 727
mask 0.3725 1554 698 1644 825
mask 0.2400 262 412 330 476
mask 0.2359 1602 610 1765 754
mask 0.0737 1341 431 1463 603
mask 0.0668 1565 729 1639 799
mask 0.0605 361 416 433 473
mask 0.0510 1433 631 1606 790
mask 0.0453 1741 464 1799 518
mask 0.0399 1532 646 1671 822
mask 0.0378 1632 579 1806 729
mask 0.0366 791 628 903 728
mask 0.0350 802 403 862 466
mask 0.0242 770 566 925 722
mask 0.0228 1710 619 1778 694
mask 0.0206 816 598 927 695
mask 0.0199 1905 608 2035 767
mask 0.0197 1094 376 1152 427
mask 0.0184 835 614 905 683
mask 0.0167 1613 706 1714 828
mask 0.0109 1592 638 1742 808
mask 0.0109 820 648 885 713
