mask 0.8418 1065 298 1161 394
mask 0.8271 769 323 827 390
mask 0.4814 1301 454 1436 595
mask 0.2663 1862 237 1967 321
mask 0.1621 1331 229 1389 286
mask 0.1594 1052 276 1196 412
mask 0.1469 1885 268 1946 326
mask 0.1401 1257 424 1393 612
mask 0.1396 1185 266 1236 338
mask 0.0684 1258 450 1347 589
mask 0.0575 1282 495 1384 617
mask 0.0554 1198 233 1255 317
mask 0.0470 1257 409 1327 551
mask 0.0314 1562 200 1639 263
mask 0.0269 760 298 839 360
mask 0.0267 1103 185 1159 257
mask 0.0204 1203 189 1257 268
mask 0.0193 788 324 855 384
mask 0.0190 1169 252 1244 360
mask 0.0133 1313 228 1366 301
mask 0.0121 1537 236 1622 296
mask 0.0111 1283 362 1346 513
mask 0.0109 1160 569 1228 714
mask 0.0107 1171 497 1240 630
mask 0.0102 1084 298 1172 358
mask 0.0100 965 251 1144 376
