mask 0.9644 1740 301 1898 508
mask 0.9453 1327 353 1427 455
mask 0.9374 655 297 742 412
mask 0.7448 817 349 905 443
mask 0.7344 348 289 443 393
mask 0.6811 509 294 596 401
mask 0.6133 1503 313 1591 406
mask 0.4794 1007 317 1072 373
mask 0.3783 1754 375 1885 490
mask 0.3456 1106 319 1178 376
mask 0.3093 1308 287 1365 347
mask 0.2414 818 390 896 455
mask 0.2284 659 344 723 417
mask 0.1678 1328 385 1405 465
mask 0.1310 1519 347 1578 407
mask 0.1178 1117 295 1187 360
mask 0.1166 1011 301 1077 356
mask 0.0851 1077 343 1172 442
mask 0.0836 1307 309 1410 422
mask 0.0380 1696 371 1798 478
mask 0.0363 1215 369 1284 426
mask 0.0353 838 323 918 388
mask 0.0339 1075 364 1146 425
mask 0.0312 848 299 924 357
mask 0.0311 346 257 466 439
mask 0.0277 1210 353 1295 447
mask 0.0259 998 359 1063 417
mask 0.0211 1291 278 1374 361
mask 0.0209 893 321 967 383
mask 0.0183 995 298 1078 390
mask 0.0174 462 272 573 430
mask 0.0174 507 269 631 431
mask 0.0167 1306 307 1371 371
mask 0.0163 1073 396 1139 466
mask 0.0150 896 357 959 426
mask 0.0149 719 352 793 417
mask 0.0115 1067 373 1161 473
mask 0.0107 1882 373 1980 474
