nomask 0.0113 1605 478 1683 632
mask 0.9877 975 209 1073 341
mask 0.9728 1409 222 1538 407
mask 0.8764 664 216 817 423
mask 0.6327 1666 261 1827 452
mask 0.4624 691 288 815 412
mask 0.4573 1310 286 1402 400
mask 0.1145 1346 223 1502 377
mask 0.0910 1648 161 1906 439
mask 0.0691 1311 214 1428 416
mask 0.0528 1876 4 2011 35
mask 0.0516 1275 259 1397 423
mask 0.0452 1307 288 1369 358
mask 0.0441 1438 222 1546 345
mask 0.0311 1623 276 1697 414
mask 0.0290 1796 5 1923 34
mask 0.0286 1572 274 1629 349
mask 0.0284 1369 176 1565 436
mask 0.0178 1859 3 2031 56
mask 0.0163 1824 10 2021 110
mask 0.0127 1159 0 1258 40
mask 0.0123 1627 280 1689 352
mask 0.0106 655 288 773 406
