mask 0.9084 709 510 791 604
mask 0.9045 1421 530 1492 587
mask 0.8470 1508 414 1600 535
mask 0.7796 533 601 634 711
mask 0.5844 613 563 669 638
mask 0.4725 542 567 672 699
mask 0.4140 1652 566 1819 715
mask 0.3916 648 408 710 475
mask 0.3385 1681 600 1791 702
mask 0.2642 919 528 978 595
mask 0.2261 810 395 869 454
mask 0.1640 653 430 703 504
mask 0.1340 1513 451 1584 522
mask 0.1212 694 446 836 603
mask 0.1016 597 582 680 677
mask 0.0911 1515 476 1580 545
mask 0.0824 799 381 864 438
mask 0.0473 615 537 682 612
mask 0.0441 848 471 897 561
mask 0.0420 645 417 720 516
mask 0.0254 855 510 907 595
mask 0.0233 1428 555 1492 615
mask 0.0157 1021 523 1084 587
mask 0.0145 747 367 809 424
mask 0.0138 1387 529 1461 598
mask 0.0136 1244 532 1315 588
mask 0.0128 850 561 899 636
mask 0.0126 1085 495 1161 551
mask 0.0116 1697 637 1781 721
mask 0.0115 937 551 989 622
mask 0.0113 794 379 880 474
mask 0.0107 1196 528 1260 585
