nomask 0.0123 386 257 544 425
mask 0.9456 1177 237 1417 505
mask 0.7936 738 223 956 396
mask 0.4198 299 267 355 348
mask 0.3321 1014 305 1118 415
mask 0.3211 452 224 590 391
mask 0.2316 215 241 275 315
mask 0.1570 1120 162 1366 441
mask 0.0670 1294 285 1446 488
mask 0.0606 833 210 1006 397
mask 0.0566 451 283 559 389
mask 0.0544 728 96 998 367
mask 0.0508 606 261 714 379
mask 0.0475 226 253 285 341
mask 0.0424 906 276 1061 427
mask 0.0421 1217 309 1397 540
mask 0.0416 1152 261 1334 447
mask 0.0412 507 245 591 366
mask 0.0350 1367 243 1463 375
mask 0.0244 1500 275 1603 369
mask 0.0227 202 217 340 371
mask 0.0136 512 240 722 372
mask 0.0123 1349 305 1428 474
mask 0.0111 978 234 1131 409
mask 0.0107 681 233 856 407
