mask 0.9099 843 320 898 379
mask 0.7828 421 390 526 498
mask 0.7113 753 352 814 410
mask 0.4153 1925 434 2007 501
mask 0.4049 1510 312 1572 374
mask 0.3651 1179 291 1247 346
mask 0.3138 1706 317 1770 381
mask 0.2300 838 297 910 393
mask 0.1501 1900 399 2030 497
mask 0.1171 408 352 524 467
mask 0.0798 1113 331 1182 387
mask 0.0782 1698 295 1765 362
mask 0.0641 835 347 894 409
mask 0.0563 1172 319 1258 375
mask 0.0441 733 318 818 406
mask 0.0439 1103 359 1170 409
mask 0.0250 1492 305 1547 388
mask 0.0224 397 383 492 487
mask 0.0197 438 407 511 483
mask 0.0155 1711 347 1764 413
mask 0.0153 1812 396 1874 469
mask 0.0151 457 427 535 508
mask 0.0124 1930 417 2055 514
mask 0.0123 1511 324 1604 436
mask 0.0117 897 378 965 427
mask 0.0110 1163 274 1253 359
