mask 0.9610 1084 348 1181 435
mask 0.9010 985 354 1050 421
mask 0.7701 1985 370 2088 489
mask 0.7458 711 350 783 418
mask 0.6697 1945 303 2099 482
mask 0.6418 1689 340 1774 439
mask 0.6385 468 333 571 451
mask 0.5945 1241 339 1322 431
mask 0.5461 976 317 1066 419
mask 0.5365 298 340 406 456
mask 0.5341 1798 337 1877 446
mask 0.4123 1808 376 1892 477
mask 0.4045 1227 370 1279 442
mask 0.3440 1901 331 1979 448
mask 0.2946 2027 362 2119 507
mask 0.2288 324 368 412 486
mask 0.1425 408 299 551 454
mask 0.1277 1688 382 1781 482
mask 0.1075 1864 302 2017 439
mask 0.1070 536 231 692 407
mask 0.0829 1809 328 1876 398
mask 0.0693 1913 326 1980 393
mask 0.0621 1460 363 1518 423
mask 0.0520 787 358 853 426
mask 0.0375 1689 412 1776 525
mask 0.0278 588 266 697 379
mask 0.0269 1626 430 1694 507
mask 0.0263 477 352 546 441
mask 0.0251 1694 295 1817 444
mask 0.0204 541 291 642 425
mask 0.0187 1260 316 1383 439
mask 0.0185 1125 317 1248 418
mask 0.0108 1629 411 1699 478
mask 0.0104 281 324 404 529
