nomask 0.0173 1248 66 1473 381
nomask 0.0147 1267 139 1456 325
mask 0.7781 1047 266 1138 369
mask 0.7488 1318 289 1406 402
mask 0.6542 1894 352 2003 455
mask 0.3867 1461 330 1556 446
mask 0.2012 1456 276 1596 447
mask 0.1826 1321 229 1468 390
mask 0.1415 1050 306 1127 375
mask 0.1208 1033 234 1163 380
mask 0.0858 1464 356 1537 424
mask 0.0636 1044 211 1128 329
mask 0.0438 1303 308 1373 390
mask 0.0365 536 291 646 335
mask 0.0175 1875 281 2028 448
mask 0.0173 1330 279 1408 356
mask 0.0121 1448 326 1515 404
mask 0.0108 1293 256 1382 390
mask 0.0100 1481 337 1601 458
