nomask 0.7222 1402 478 1497 589
nomask 0.5083 1521 355 1685 533
nomask 0.4761 1524 326 1769 567
nomask 0.0374 1537 373 1651 494
nomask 0.0241 1409 450 1544 578
nomask 0.0179 1377 692 1555 826
nomask 0.0126 875 364 1090 485
mask 0.9021 220 466 375 648
mask 0.7560 632 439 770 584
mask 0.3598 877 351 987 447
mask 0.3113 691 461 797 564
mask 0.1911 190 386 361 675
mask 0.1451 902 320 1088 453
mask 0.0384 1068 380 1148 484
mask 0.0237 791 459 883 561
mask 0.0192 800 457 874 513
mask 0.0156 690 401 869 546
mask 0.0141 1157 518 1215 597
mask 0.0135 723 427 823 544
mask 0.0132 603 269 701 372
mask 0.0131 964 355 1089 441
mask 0.0129 612 299 692 353
mask 0.0101 610 314 681 376
