mask 0.9418 1311 224 1419 330
mask 0.9065 1972 601 2038 660
mask 0.8508 343 625 431 718
mask 0.8460 1517 604 1612 702
mask 0.8134 1790 599 1859 660
mask 0.7850 595 632 688 722
mask 0.7367 2053 666 2124 769
mask 0.7115 1153 158 1220 222
mask 0.7043 1506 154 1573 217
mask 0.6473 481 228 617 399
mask 0.6131 1251 616 1391 809
mask 0.6020 1774 581 1870 652
mask 0.5330 1698 682 1788 792
mask 0.4754 1306 706 1403 821
mask 0.3165 1529 638 1592 696
mask 0.3011 2022 273 2142 483
mask 0.2722 1483 151 1549 217
mask 0.2505 485 291 588 412
mask 0.2219 1712 719 1780 794
mask 0.0618 2001 345 2110 458
mask 0.0595 1144 163 1223 259
mask 0.0473 1307 637 1420 765
mask 0.0376 1479 272 1610 442
mask 0.0346 1695 625 1848 778
mask 0.0263 701 742 751 814
mask 0.0253 1919 692 1977 765
mask 0.0251 555 772 641 836
mask 0.0244 324 606 444 759
mask 0.0170 2044 600 2151 788
mask 0.0155 1275 659 1422 843
mask 0.0145 1297 171 1446 304
mask 0.0123 2054 594 2129 716
mask 0.0121 555 720 660 830
mask 0.0117 584 615 725 739
mask 0.0105 2007 399 2107 452
mask 0.0100 2012 369 2095 442
